float32: 0.9834818685062106
posit32: 0.9835971112476951
posit8: 0.9706515058023327
posit16: 0.9872464659247724
