Top-1: 0.8931699446834666
Top-5: 0.983520282728949
