Top-1: 0.8933236017209588
Top-5: 0.9837507682851875
